Agreeableness,Conscientiousness,Extraversion,Neuroticism,Openness
0.228198230266571,0.0108841387555003,0.2451881915330887,0.2229744493961334,0.292754977941513
0.2451881617307663,0.2229744493961334,0.228198230266571,0.0108841387555003,0.292754977941513
0.2451881617307663,0.2229744493961334,0.228198230266571,0.0108841387555003,0.292754977941513
0.2451881915330887,0.2229744493961334,0.228198230266571,0.0108841387555003,0.292754977941513
0.2451881915330887,0.2229744493961334,0.228198230266571,0.0108841387555003,0.292754977941513
0.2451881915330887,0.2229744493961334,0.228198230266571,0.0108841387555003,0.292754977941513
0.2451881915330887,0.2229744493961334,0.228198230266571,0.0108841387555003,0.292754977941513
0.2451881617307663,0.2229744493961334,0.228198230266571,0.0108841387555003,0.292754977941513
0.2451881915330887,0.2229744493961334,0.228198230266571,0.0108841387555003,0.292754977941513
0.2451881915330887,0.2229744493961334,0.228198230266571,0.0108841387555003,0.292754977941513
0.2451881915330887,0.2229744493961334,0.228198230266571,0.0108841387555003,0.292754977941513
0.2451881617307663,0.2229744493961334,0.228198230266571,0.0108841387555003,0.292754977941513
0.2451881617307663,0.2229744493961334,0.228198230266571,0.0108841387555003,0.292754977941513
0.2451881617307663,0.2229744493961334,0.228198230266571,0.0108841387555003,0.292754977941513
0.2451881617307663,0.2229744493961334,0.228198230266571,0.0108841387555003,0.292754977941513
0.2451881617307663,0.2229744493961334,0.228198230266571,0.0108841387555003,0.292754977941513
0.2451881915330887,0.2229744493961334,0.228198230266571,0.0108841387555003,0.292754977941513
0.2451881915330887,0.2229744493961334,0.228198230266571,0.0108841387555003,0.292754977941513
0.2451881915330887,0.2229744493961334,0.228198230266571,0.0108841387555003,0.292754977941513
0.2451881915330887,0.2229744493961334,0.228198230266571,0.0108841387555003,0.292754977941513
0.2451881915330887,0.2229744493961334,0.228198230266571,0.0108841387555003,0.292754977941513
0.2451881915330887,0.2229744493961334,0.228198230266571,0.0108841387555003,0.292754977941513
0.2451881915330887,0.2229744493961334,0.228198230266571,0.0108841387555003,0.292754977941513
0.2451881915330887,0.2229744493961334,0.228198230266571,0.0108841387555003,0.292754977941513
0.2451881915330887,0.2229744493961334,0.228198230266571,0.0108841387555003,0.292754977941513
0.2451881915330887,0.2229744493961334,0.228198230266571,0.0108841387555003,0.292754977941513
0.2451881915330887,0.2229744493961334,0.228198230266571,0.0108841387555003,0.292754977941513
0.2451881915330887,0.2229744493961334,0.228198230266571,0.0108841387555003,0.292754977941513
0.2451881915330887,0.2229744493961334,0.228198230266571,0.0108841387555003,0.292754977941513
0.2451881915330887,0.2229744493961334,0.228198230266571,0.0108841387555003,0.292754977941513
0.2451881915330887,0.2229744493961334,0.228198230266571,0.0108841387555003,0.292754977941513
0.2451881915330887,0.2229744493961334,0.228198230266571,0.0108841387555003,0.292754977941513
0.2451881915330887,0.2229744493961334,0.228198230266571,0.0108841387555003,0.292754977941513
0.2451881617307663,0.2229744493961334,0.228198230266571,0.0108841387555003,0.292754977941513
0.0445510745048522,0.0236797574907541,0.0801296457648277,0.4980302751064301,0.3536092042922973
0.2384287863969803,0.2316708862781525,0.2211544513702392,0.0088545298203825,0.299891322851181
0.2451882064342499,0.2229744344949722,0.2281982153654098,0.0108841387555003,0.292754977941513
0.2452542334794998,0.2228835821151733,0.2282601296901703,0.010899499990046,0.2927025258541107
0.3291245698928833,0.0307422578334808,0.3217907845973968,0.3018424212932587,0.0164998956024646
0.2451827079057693,0.2229821383953094,0.2281933277845383,0.0108829205855727,0.2927589118480682
0.3628151118755341,0.0198727659881114,0.3443338572978973,0.2583957612514496,0.0145825892686843
0.0445510745048522,0.0236797574907541,0.0801296457648277,0.4980302751064301,0.3536092042922973
0.0445510745048522,0.0236797574907541,0.0801296457648277,0.4980302751064301,0.3536092042922973
0.0445510745048522,0.0236797574907541,0.0801296457648277,0.4980302751064301,0.3536092042922973
0.0445510745048522,0.0236797574907541,0.0801296457648277,0.4980302751064301,0.3536092042922973
0.0445510745048522,0.0236797574907541,0.0801296457648277,0.4980302751064301,0.3536092042922973
0.2451882064342499,0.2229744344949722,0.2281982153654098,0.0108841387555003,0.292754977941513
0.2451882064342499,0.2229744344949722,0.2281982153654098,0.0108841387555003,0.292754977941513
0.0445510745048522,0.0236797574907541,0.0801296457648277,0.4980302751064301,0.3536092042922973
0.0445510745048522,0.0236797574907541,0.0801296457648277,0.4980302751064301,0.3536092042922973
0.0445510745048522,0.0236797574907541,0.0801296457648277,0.4980302751064301,0.3536092042922973
0.0445510745048522,0.0236797574907541,0.0801296457648277,0.4980302751064301,0.3536092042922973
0.2451882064342499,0.2229744344949722,0.2281982153654098,0.0108841387555003,0.292754977941513
0.2451882064342499,0.2229744344949722,0.2281982153654098,0.0108841387555003,0.292754977941513
0.2451882064342499,0.2229744344949722,0.2281982153654098,0.0108841387555003,0.292754977941513
0.2451882064342499,0.2229744344949722,0.2281982153654098,0.0108841387555003,0.292754977941513
0.2451882064342499,0.2229744344949722,0.2281982153654098,0.0108841387555003,0.292754977941513
0.2451882064342499,0.2229744344949722,0.2281982153654098,0.0108841387555003,0.292754977941513
0.2451882064342499,0.2229744344949722,0.2281982153654098,0.0108841387555003,0.292754977941513
0.2451882064342499,0.2229744344949722,0.2281982153654098,0.0108841387555003,0.292754977941513
0.2451882064342499,0.2229744344949722,0.2281982153654098,0.0108841387555003,0.292754977941513
0.2451882064342499,0.2229744344949722,0.2281982153654098,0.0108841387555003,0.292754977941513
0.2451882064342499,0.2229744344949722,0.2281982153654098,0.0108841387555003,0.292754977941513
0.2451882064342499,0.2229744344949722,0.2281982153654098,0.0108841387555003,0.292754977941513
0.2451882064342499,0.2229744344949722,0.2281982153654098,0.0108841387555003,0.292754977941513
0.2451882064342499,0.2229744344949722,0.2281982153654098,0.0108841387555003,0.292754977941513
0.2451882064342499,0.2229744344949722,0.2281982153654098,0.0108841387555003,0.292754977941513
0.2451882064342499,0.2229744344949722,0.2281982153654098,0.0108841387555003,0.292754977941513
0.2451882064342499,0.2229744344949722,0.2281982153654098,0.0108841387555003,0.292754977941513
0.2451882064342499,0.2229744344949722,0.2281982153654098,0.0108841387555003,0.292754977941513
0.2451882064342499,0.2229744344949722,0.2281982153654098,0.0108841387555003,0.292754977941513
0.2451882064342499,0.2229744344949722,0.2281982153654098,0.0108841387555003,0.292754977941513
0.2451882064342499,0.2229744344949722,0.2281982153654098,0.0108841387555003,0.292754977941513
0.2451882064342499,0.2229744344949722,0.2281982153654098,0.0108841387555003,0.292754977941513
0.2451882064342499,0.2229744344949722,0.2281982153654098,0.0108841387555003,0.292754977941513
0.2451882064342499,0.2229744344949722,0.2281982153654098,0.0108841387555003,0.292754977941513
0.2451882064342499,0.2229744344949722,0.2281982153654098,0.0108841387555003,0.292754977941513
0.2451882064342499,0.2229744344949722,0.2281982153654098,0.0108841387555003,0.292754977941513
0.2451882064342499,0.2229744344949722,0.2281982153654098,0.0108841387555003,0.292754977941513
0.2451882064342499,0.2229744344949722,0.2281982153654098,0.0108841387555003,0.292754977941513
0.2451882064342499,0.2229744344949722,0.2281982153654098,0.0108841387555003,0.292754977941513
0.2451882064342499,0.2229744344949722,0.2281982153654098,0.0108841387555003,0.292754977941513
0.2451882064342499,0.2229744344949722,0.2281982153654098,0.0108841387555003,0.292754977941513
0.2451882064342499,0.2229744344949722,0.2281982153654098,0.0108841387555003,0.292754977941513
0.2451882064342499,0.2229744344949722,0.2281982153654098,0.0108841387555003,0.292754977941513
0.2451882064342499,0.2229744344949722,0.2281982153654098,0.0108841387555003,0.292754977941513
0.2451882064342499,0.2229744344949722,0.2281982153654098,0.0108841387555003,0.292754977941513
0.2451882064342499,0.2229744344949722,0.2281982153654098,0.0108841387555003,0.292754977941513
0.2451882064342499,0.2229744344949722,0.2281982153654098,0.0108841387555003,0.292754977941513
0.2451882064342499,0.2229744344949722,0.2281982153654098,0.0108841387555003,0.292754977941513
0.2451882064342499,0.2229744344949722,0.2281982153654098,0.0108841387555003,0.292754977941513
0.2451882064342499,0.2229744344949722,0.2281982153654098,0.0108841387555003,0.292754977941513
0.2451882064342499,0.2229744344949722,0.2281982153654098,0.0108841387555003,0.292754977941513
0.2451882064342499,0.2229744344949722,0.2281982153654098,0.0108841387555003,0.292754977941513
0.2451882064342499,0.2229744344949722,0.2281982153654098,0.0108841387555003,0.292754977941513
0.2451882064342499,0.2229744344949722,0.2281982153654098,0.0108841387555003,0.292754977941513
0.2451882064342499,0.2229744344949722,0.2281982153654098,0.0108841387555003,0.292754977941513
0.2451882064342499,0.2229744344949722,0.2281982153654098,0.0108841387555003,0.292754977941513
0.2451882064342499,0.2229744344949722,0.2281982153654098,0.0108841387555003,0.292754977941513
0.2451882064342499,0.2229744344949722,0.2281982153654098,0.0108841387555003,0.292754977941513
0.2451882064342499,0.2229744344949722,0.2281982153654098,0.0108841387555003,0.292754977941513
0.2451882064342499,0.2229744344949722,0.2281982153654098,0.0108841387555003,0.292754977941513
0.2451882064342499,0.2229744344949722,0.2281982153654098,0.0108841387555003,0.292754977941513
0.2451882064342499,0.2229744344949722,0.2281982153654098,0.0108841387555003,0.292754977941513
0.2451882064342499,0.2229744344949722,0.2281982153654098,0.0108841387555003,0.292754977941513
0.2451882064342499,0.2229744344949722,0.2281982153654098,0.0108841387555003,0.292754977941513
0.2451882064342499,0.2229744344949722,0.2281982153654098,0.0108841387555003,0.292754977941513
0.2451882064342499,0.2229744344949722,0.2281982153654098,0.0108841387555003,0.292754977941513
0.2451882064342499,0.2229744344949722,0.2281982153654098,0.0108841387555003,0.292754977941513
0.2451882064342499,0.2229744344949722,0.2281982153654098,0.0108841387555003,0.292754977941513
0.2451882064342499,0.2229744344949722,0.2281982153654098,0.0108841387555003,0.292754977941513
0.2451882064342499,0.2229744344949722,0.2281982153654098,0.0108841387555003,0.292754977941513
0.2451882064342499,0.2229744344949722,0.2281982153654098,0.0108841387555003,0.292754977941513
0.2451882064342499,0.2229744344949722,0.2281982153654098,0.0108841387555003,0.292754977941513
0.2451882064342499,0.2229744344949722,0.2281982153654098,0.0108841387555003,0.292754977941513
0.2451882064342499,0.2229744344949722,0.2281982153654098,0.0108841387555003,0.292754977941513
0.2451882064342499,0.2229744344949722,0.2281982153654098,0.0108841387555003,0.292754977941513
0.2451882064342499,0.2229744344949722,0.2281982153654098,0.0108841387555003,0.292754977941513
0.2451882064342499,0.2229744344949722,0.2281982153654098,0.0108841387555003,0.292754977941513
0.083028957247734,0.2630018591880798,0.1115247085690498,0.2848519682884216,0.2575925290584564
0.0733088701963424,0.2784692049026489,0.1043730601668357,0.2865116894245148,0.2573371827602386
0.0733088701963424,0.2784692049026489,0.1043730601668357,0.2865116894245148,0.2573371827602386
0.0733088701963424,0.2784692049026489,0.1043730601668357,0.2865116894245148,0.2573371827602386
0.0733088701963424,0.2784692049026489,0.1043730601668357,0.2865116894245148,0.2573371827602386
0.2453225255012512,0.2231529206037521,0.2285771816968917,0.0109784407541155,0.2919689416885376
0.2453225255012512,0.2231529206037521,0.2285771816968917,0.0109784407541155,0.2919689416885376
0.2453225255012512,0.2231529206037521,0.2285771816968917,0.0109784407541155,0.2919689416885376
0.2449952661991119,0.2232170403003692,0.2280288189649582,0.0108505645766854,0.292908251285553
0.2449952661991119,0.2232170403003692,0.2280288189649582,0.0108505645766854,0.292908251285553
0.2451882064342499,0.2229744344949722,0.2281982153654098,0.0108841387555003,0.292754977941513
0.2451882064342499,0.2229744344949722,0.2281982153654098,0.0108841387555003,0.292754977941513
0.2451882064342499,0.2229744344949722,0.2281982153654098,0.0108841387555003,0.292754977941513
0.2451882064342499,0.2229744344949722,0.2281982153654098,0.0108841387555003,0.292754977941513
0.1588100492954254,0.1799110770225525,0.1800747811794281,0.4080700576305389,0.0731340497732162
0.1588100492954254,0.1799110770225525,0.1800747811794281,0.4080700576305389,0.0731340497732162
0.1588100492954254,0.1799110770225525,0.1800747811794281,0.4080700576305389,0.0731340497732162
0.1588100492954254,0.1799110770225525,0.1800747811794281,0.4080700576305389,0.0731340497732162
0.1588100492954254,0.1799110770225525,0.1800747811794281,0.4080700576305389,0.0731340497732162
0.1588100492954254,0.1799110770225525,0.1800747811794281,0.4080700576305389,0.0731340497732162
0.1588100492954254,0.1799110770225525,0.1800747811794281,0.4080700576305389,0.0731340497732162
0.1588100492954254,0.1799110770225525,0.1800747811794281,0.4080700576305389,0.0731340497732162
0.1588100492954254,0.1799110770225525,0.1800747811794281,0.4080700576305389,0.0731340497732162
0.1320278495550155,0.0237207468599081,0.1524262130260467,0.3240199387073517,0.3678053319454193
0.1320278495550155,0.0237207468599081,0.1524262130260467,0.3240199387073517,0.3678053319454193
0.2226210385560989,0.082861341536045,0.2335896641016006,0.4412801563739777,0.0196477379649877
0.2226210385560989,0.082861341536045,0.2335896641016006,0.4412801563739777,0.0196477379649877
0.217283546924591,0.0771868154406547,0.2320666164159775,0.4528437852859497,0.0206192173063755
0.217283546924591,0.0771868154406547,0.2320666164159775,0.4528437852859497,0.0206192173063755
0.2909279465675354,0.3018627464771271,0.2157977819442749,0.1861079484224319,0.0053035551682114
0.2909279465675354,0.3018627464771271,0.2157977819442749,0.1861079484224319,0.0053035551682114
0.1821022480726242,0.1562461853027343,0.1497754454612732,0.3081181347370148,0.2037580460309982
0.1821022480726242,0.1562461853027343,0.1497754454612732,0.3081181347370148,0.2037580460309982
0.2476610541343689,0.2206771671772003,0.231057733297348,0.0126102045178413,0.2879939079284668
0.2476610541343689,0.2206771671772003,0.231057733297348,0.0126102045178413,0.2879939079284668
0.2447648197412491,0.2237109392881393,0.2280386835336685,0.0109522948041558,0.292533278465271
0.2447648197412491,0.2237109392881393,0.2280386835336685,0.0109522948041558,0.292533278465271
0.0835515558719635,0.0376218259334564,0.1137731298804283,0.4335751831531525,0.3314782679080963
0.0835515558719635,0.0376218259334564,0.1137731298804283,0.4335751831531525,0.3314782679080963
0.0835515558719635,0.0376218259334564,0.1137731298804283,0.4335751831531525,0.3314782679080963
0.0835515558719635,0.0376218259334564,0.1137731298804283,0.4335751831531525,0.3314782679080963
0.3102996647357941,0.181115373969078,0.296110063791275,0.0438228510320186,0.1686520278453827
0.3102996647357941,0.181115373969078,0.296110063791275,0.0438228510320186,0.1686520278453827
0.3102996647357941,0.181115373969078,0.296110063791275,0.0438228510320186,0.1686520278453827
0.3102996647357941,0.181115373969078,0.296110063791275,0.0438228510320186,0.1686520278453827
0.3102996647357941,0.181115373969078,0.296110063791275,0.0438228510320186,0.1686520278453827
0.3102996647357941,0.181115373969078,0.296110063791275,0.0438228510320186,0.1686520278453827
0.3102996647357941,0.181115373969078,0.296110063791275,0.0438228510320186,0.1686520278453827
0.3102996647357941,0.181115373969078,0.296110063791275,0.0438228510320186,0.1686520278453827
0.3102996647357941,0.181115373969078,0.296110063791275,0.0438228510320186,0.1686520278453827
0.3102996647357941,0.181115373969078,0.296110063791275,0.0438228510320186,0.1686520278453827
0.2451882064342499,0.2229744344949722,0.2281982153654098,0.0108841387555003,0.292754977941513
0.2451882064342499,0.2229744344949722,0.2281982153654098,0.0108841387555003,0.292754977941513
0.2451882064342499,0.2229744344949722,0.2281982153654098,0.0108841387555003,0.292754977941513
0.2451882064342499,0.2229744344949722,0.2281982153654098,0.0108841387555003,0.292754977941513
0.2451882064342499,0.2229744344949722,0.2281982153654098,0.0108841387555003,0.292754977941513
0.2451882064342499,0.2229744344949722,0.2281982153654098,0.0108841387555003,0.292754977941513
0.2451882064342499,0.2229744344949722,0.2281982153654098,0.0108841387555003,0.292754977941513
0.2451882064342499,0.2229744344949722,0.2281982153654098,0.0108841387555003,0.292754977941513
0.2451882064342499,0.2229744344949722,0.2281982153654098,0.0108841387555003,0.292754977941513
0.2451882064342499,0.2229744344949722,0.2281982153654098,0.0108841387555003,0.292754977941513
0.2451882064342499,0.2229744344949722,0.2281982153654098,0.0108841387555003,0.292754977941513
0.2451882064342499,0.2229744344949722,0.2281982153654098,0.0108841387555003,0.292754977941513
0.2451882064342499,0.2229744344949722,0.2281982153654098,0.0108841387555003,0.292754977941513
0.2451882064342499,0.2229744344949722,0.2281982153654098,0.0108841387555003,0.292754977941513
0.2451882064342499,0.2229744344949722,0.2281982153654098,0.0108841387555003,0.292754977941513
0.2451882064342499,0.2229744344949722,0.2281982153654098,0.0108841387555003,0.292754977941513
0.2451882064342499,0.2229744344949722,0.2281982153654098,0.0108841387555003,0.292754977941513
0.2451882064342499,0.2229744344949722,0.2281982153654098,0.0108841387555003,0.292754977941513
0.2451882064342499,0.2229744344949722,0.2281982153654098,0.0108841387555003,0.292754977941513
0.2451882064342499,0.2229744344949722,0.2281982153654098,0.0108841387555003,0.292754977941513
0.2451882064342499,0.2229744344949722,0.2281982153654098,0.0108841387555003,0.292754977941513
0.2451882064342499,0.2229744344949722,0.2281982153654098,0.0108841387555003,0.292754977941513
0.2451882064342499,0.2229744344949722,0.2281982153654098,0.0108841387555003,0.292754977941513
0.2451882064342499,0.2229744344949722,0.2281982153654098,0.0108841387555003,0.292754977941513
0.2451882064342499,0.2229744344949722,0.2281982153654098,0.0108841387555003,0.292754977941513
0.2451882064342499,0.2229744344949722,0.2281982153654098,0.0108841387555003,0.292754977941513
0.2451882064342499,0.2229744344949722,0.2281982153654098,0.0108841387555003,0.292754977941513
0.2451882064342499,0.2229744344949722,0.2281982153654098,0.0108841387555003,0.292754977941513
0.2451882064342499,0.2229744344949722,0.2281982153654098,0.0108841387555003,0.292754977941513
0.2451882064342499,0.2229744344949722,0.2281982153654098,0.0108841387555003,0.292754977941513
0.2451882064342499,0.2229744344949722,0.2281982153654098,0.0108841387555003,0.292754977941513
0.2451882064342499,0.2229744344949722,0.2281982153654098,0.0108841387555003,0.292754977941513
0.2451882064342499,0.2229744344949722,0.2281982153654098,0.0108841387555003,0.292754977941513
0.2451882064342499,0.2229744344949722,0.2281982153654098,0.0108841387555003,0.292754977941513
0.2451882064342499,0.2229744344949722,0.2281982153654098,0.0108841387555003,0.292754977941513
0.2451882064342499,0.2229744344949722,0.2281982153654098,0.0108841387555003,0.292754977941513
0.2451882064342499,0.2229744344949722,0.2281982153654098,0.0108841387555003,0.292754977941513
0.2451882064342499,0.2229744344949722,0.2281982153654098,0.0108841387555003,0.292754977941513
0.2451882064342499,0.2229744344949722,0.2281982153654098,0.0108841387555003,0.292754977941513
0.2451882064342499,0.2229744344949722,0.2281982153654098,0.0108841387555003,0.292754977941513
0.3102996647357941,0.181115373969078,0.296110063791275,0.0438228510320186,0.1686520278453827
0.3102996647357941,0.181115373969078,0.296110063791275,0.0438228510320186,0.1686520278453827
0.3102996647357941,0.181115373969078,0.296110063791275,0.0438228510320186,0.1686520278453827
0.3102996647357941,0.181115373969078,0.296110063791275,0.0438228510320186,0.1686520278453827
0.3102996647357941,0.181115373969078,0.296110063791275,0.0438228510320186,0.1686520278453827
0.3102996647357941,0.181115373969078,0.296110063791275,0.0438228510320186,0.1686520278453827
0.2452490925788879,0.2229149490594864,0.2282719016075134,0.0108960857614874,0.292667955160141
0.2451882064342499,0.2229744344949722,0.2281982153654098,0.0108841387555003,0.292754977941513
0.2451882064342498,0.2229744344949722,0.2281982153654098,0.0108841387555003,0.292754977941513
0.2451882064342498,0.2229744344949722,0.228198230266571,0.0108841387555003,0.292754977941513
0.2451882064342498,0.2229744344949722,0.228198230266571,0.0108841387555003,0.292754977941513
0.2451882064342498,0.2229744344949722,0.228198230266571,0.0108841387555003,0.292754977941513
0.2485353350639343,0.2077590525150299,0.2442687004804611,0.2595804631710052,0.0398565120995044
0.2455321848392486,0.2225918173789978,0.2285476326942443,0.0109674474224448,0.2923609018325805
0.1823769956827163,0.1962520629167556,0.1465216428041458,0.3111858963966369,0.1636633723974228
0.2738261222839355,0.1979282349348068,0.2583235204219818,0.0225144531577825,0.2474077343940735
0.2468417733907699,0.1948238760232925,0.2489259093999862,0.0866143032908439,0.2227941006422042
0.245188906788826,0.2229747772216797,0.228199690580368,0.0108844293281435,0.2927522361278534
0.2738261222839355,0.1979282349348068,0.2583235204219818,0.0225144531577825,0.2474077343940735
0.1823769956827163,0.1962520629167556,0.1465216428041458,0.3111858963966369,0.1636633723974228
0.2738261222839355,0.1979282349348068,0.2583235204219818,0.0225144531577825,0.2474077343940735
0.1823769956827163,0.1962520629167556,0.1465216428041458,0.3111858963966369,0.1636633723974228
0.2451882064342498,0.2229744344949722,0.228198230266571,0.0108841387555003,0.292754977941513
0.2451882064342498,0.2229744344949722,0.228198230266571,0.0108841387555003,0.292754977941513
0.2451882064342498,0.2229744344949722,0.228198230266571,0.0108841387555003,0.292754977941513
0.2451882064342498,0.2229744344949722,0.228198230266571,0.0108841387555003,0.292754977941513
0.2451882064342498,0.2229744344949722,0.228198230266571,0.0108841387555003,0.292754977941513
0.2451882064342498,0.2229744344949722,0.228198230266571,0.0108841387555003,0.292754977941513
0.2451882064342498,0.2229744344949722,0.228198230266571,0.0108841387555003,0.292754977941513
0.2451882064342498,0.2229744344949722,0.228198230266571,0.0108841387555003,0.292754977941513
0.2451882064342498,0.2229744344949722,0.228198230266571,0.0108841387555003,0.292754977941513
0.2451882064342498,0.2229744344949722,0.228198230266571,0.0108841387555003,0.292754977941513
0.2451882064342498,0.2229744344949722,0.228198230266571,0.0108841387555003,0.292754977941513
0.2451882064342498,0.2229744344949722,0.228198230266571,0.0108841387555003,0.292754977941513
0.2451882064342498,0.2229744344949722,0.228198230266571,0.0108841387555003,0.292754977941513
0.2451882064342498,0.2229744344949722,0.228198230266571,0.0108841387555003,0.292754977941513
0.2450760602951049,0.2231289893388748,0.2280951142311096,0.0108597930520772,0.2928400933742523
0.2451882064342498,0.2229744344949722,0.228198230266571,0.0108841387555003,0.292754977941513
0.2451882064342498,0.2229744344949722,0.228198230266571,0.0108841387555003,0.292754977941513
0.2451882064342498,0.2229744344949722,0.228198230266571,0.0108841387555003,0.292754977941513
0.2451882064342498,0.2229744344949722,0.228198230266571,0.0108841387555003,0.292754977941513
0.2451882064342498,0.2229744344949722,0.228198230266571,0.0108841387555003,0.292754977941513
0.2451882064342498,0.2229744344949722,0.228198230266571,0.0108841387555003,0.292754977941513
0.2451882064342498,0.2229744344949722,0.228198230266571,0.0108841387555003,0.292754977941513
0.2451882064342498,0.2229744344949722,0.228198230266571,0.0108841387555003,0.292754977941513
0.2451882064342498,0.2229744344949722,0.228198230266571,0.0108841387555003,0.292754977941513
0.1823769956827163,0.1962520629167556,0.1465216428041458,0.3111858963966369,0.1636633723974228
0.2451882064342498,0.2229744344949722,0.228198230266571,0.0108841387555003,0.292754977941513
0.2451882064342498,0.2229744344949722,0.228198230266571,0.0108841387555003,0.292754977941513
0.2451882064342498,0.2229744344949722,0.228198230266571,0.0108841387555003,0.292754977941513
0.2451882064342498,0.2229744344949722,0.228198230266571,0.0108841387555003,0.292754977941513
0.2451882064342498,0.2229744344949722,0.228198230266571,0.0108841387555003,0.292754977941513
0.2451882064342498,0.2229744344949722,0.228198230266571,0.0108841387555003,0.292754977941513
0.2451882064342498,0.2229744344949722,0.228198230266571,0.0108841387555003,0.292754977941513
0.1823769956827163,0.1962520629167556,0.1465216428041458,0.3111858963966369,0.1636633723974228
0.1823769956827163,0.1962520629167556,0.1465216428041458,0.3111858963966369,0.1636633723974228
0.1823769956827163,0.1962520629167556,0.1465216428041458,0.3111858963966369,0.1636633723974228
0.1823769956827163,0.1962520629167556,0.1465216428041458,0.3111858963966369,0.1636633723974228
0.1823769956827163,0.1962520629167556,0.1465216428041458,0.3111858963966369,0.1636633723974228
0.1823769956827163,0.1962520629167556,0.1465216428041458,0.3111858963966369,0.1636633723974228
0.1823769956827163,0.1962520629167556,0.1465216428041458,0.3111858963966369,0.1636633723974228
0.1823769956827163,0.1962520629167556,0.1465216428041458,0.3111858963966369,0.1636633723974228
0.1823769956827163,0.1962520629167556,0.1465216428041458,0.3111858963966369,0.1636633723974228
0.1823769956827163,0.1962520629167556,0.1465216428041458,0.3111858963966369,0.1636633723974228
0.1823769956827163,0.1962520629167556,0.1465216428041458,0.3111858963966369,0.1636633723974228
0.1823769956827163,0.1962520629167556,0.1465216428041458,0.3111858963966369,0.1636633723974228
0.1823769956827163,0.1962520629167556,0.1465216428041458,0.3111858963966369,0.1636633723974228
0.1823769956827163,0.1962520629167556,0.1465216428041458,0.3111858963966369,0.1636633723974228
0.1823769956827163,0.1962520629167556,0.1465216428041458,0.3111858963966369,0.1636633723974228
0.1823769956827163,0.1962520629167556,0.1465216428041458,0.3111858963966369,0.1636633723974228
0.1823769956827163,0.1962520629167556,0.1465216428041458,0.3111858963966369,0.1636633723974228
0.1823769956827163,0.1962520629167556,0.1465216428041458,0.3111858963966369,0.1636633723974228
0.1823769956827163,0.1962520629167556,0.1465216428041458,0.3111858963966369,0.1636633723974228
0.1823769956827163,0.1962520629167556,0.1465216428041458,0.3111858963966369,0.1636633723974228
0.1823769956827163,0.1962520629167556,0.1465216428041458,0.3111858963966369,0.1636633723974228
0.1823769956827163,0.1962520629167556,0.1465216428041458,0.3111858963966369,0.1636633723974228
0.1823769956827163,0.1962520629167556,0.1465216428041458,0.3111858963966369,0.1636633723974228
0.1823769956827163,0.1962520629167556,0.1465216428041458,0.3111858963966369,0.1636633723974228
0.1823769956827163,0.1962520629167556,0.1465216428041458,0.3111858963966369,0.1636633723974228
0.1823769956827163,0.1962520629167556,0.1465216428041458,0.3111858963966369,0.1636633723974228
0.1823769956827163,0.1962520629167556,0.1465216428041458,0.3111858963966369,0.1636633723974228
0.1823769956827163,0.1962520629167556,0.1465216428041458,0.3111858963966369,0.1636633723974228
0.2738261222839355,0.1979282349348068,0.2583235204219818,0.0225144531577825,0.2474077343940735
0.2738261222839355,0.1979282349348068,0.2583235204219818,0.0225144531577825,0.2474077343940735
0.2738261222839355,0.1979282349348068,0.2583235204219818,0.0225144531577825,0.2474077343940735
0.2738261222839355,0.1979282349348068,0.2583235204219818,0.0225144531577825,0.2474077343940735
0.2738261222839355,0.1979282349348068,0.2583235204219818,0.0225144531577825,0.2474077343940735
0.2738261222839355,0.1979282349348068,0.2583235204219818,0.0225144531577825,0.2474077343940735
0.2738261222839355,0.1979282349348068,0.2583235204219818,0.0225144531577825,0.2474077343940735
0.1823769956827163,0.1962520629167556,0.1465216428041458,0.3111858963966369,0.1636633723974228
0.1823769956827163,0.1962520629167556,0.1465216428041458,0.3111858963966369,0.1636633723974228
0.1823769956827163,0.1962520629167556,0.1465216428041458,0.3111858963966369,0.1636633723974228
0.1823769956827163,0.1962520629167556,0.1465216428041458,0.3111858963966369,0.1636633723974228
0.1823769956827163,0.1962520629167556,0.1465216428041458,0.3111858963966369,0.1636633723974228
0.1823769956827163,0.1962520629167556,0.1465216428041458,0.3111858963966369,0.1636633723974228
0.1823769956827163,0.1962520629167556,0.1465216428041458,0.3111858963966369,0.1636633723974228
0.1823769956827163,0.1962520629167556,0.1465216428041458,0.3111858963966369,0.1636633723974228
0.1823769956827163,0.1962520629167556,0.1465216428041458,0.3111858963966369,0.1636633723974228
0.2738261222839355,0.1979282349348068,0.2583235204219818,0.0225144531577825,0.2474077343940735
0.2212578505277633,0.1833525151014328,0.2149582505226135,0.3566883206367492,0.0237430278211832
0.2452343255281448,0.2229110151529312,0.2282422930002212,0.0108950659632682,0.2927173376083374
0.2451882064342498,0.2229744344949722,0.228198230266571,0.0108841387555003,0.292754977941513
0.2452343255281448,0.2229110151529312,0.2282422930002212,0.0108950659632682,0.2927173376083374
0.2451882064342498,0.2229744344949722,0.228198230266571,0.0108841387555003,0.292754977941513
0.2451882064342498,0.2229744344949722,0.228198230266571,0.0108841387555003,0.292754977941513
0.1840901672840118,0.2237612307071685,0.1451245099306106,0.3069756925106048,0.1400484293699264
0.1840901672840118,0.2237612307071685,0.1451245099306106,0.3069756925106048,0.1400484293699264
0.1840901672840118,0.2237612307071685,0.1451245099306106,0.3069756925106048,0.1400484293699264
0.2451468110084533,0.2230326980352401,0.2281609624624252,0.0108752287924289,0.2927842736244201
0.2451468110084533,0.2230326980352401,0.2281609624624252,0.0108752287924289,0.2927842736244201
0.244764819741249,0.2237109392881393,0.2280386537313461,0.0109522892162203,0.292533278465271
0.244764819741249,0.2237109392881393,0.2280386537313461,0.0109522892162203,0.292533278465271
0.244764819741249,0.2237109392881393,0.2280386537313461,0.0109522892162203,0.292533278465271
0.2477965354919433,0.2048853933811187,0.2246118187904358,0.0634950771927833,0.2592111527919769
0.2477965354919433,0.2048853933811187,0.2246118187904358,0.0634950771927833,0.2592111527919769
0.2477965354919433,0.2048853933811187,0.2246118187904358,0.0634950771927833,0.2592111527919769
0.2477965354919433,0.2048853933811187,0.2246118187904358,0.0634950771927833,0.2592111527919769
0.2477965354919433,0.2048853933811187,0.2246118187904358,0.0634950771927833,0.2592111527919769
0.2477965354919433,0.2048853933811187,0.2246118187904358,0.0634950771927833,0.2592111527919769
0.244764819741249,0.2237109392881393,0.2280386537313461,0.0109522892162203,0.292533278465271
0.244764819741249,0.2237109392881393,0.2280386537313461,0.0109522892162203,0.292533278465271
0.244764819741249,0.2237109392881393,0.2280386537313461,0.0109522892162203,0.292533278465271
0.244764819741249,0.2237109392881393,0.2280386537313461,0.0109522892162203,0.292533278465271
0.244764819741249,0.2237109392881393,0.2280386537313461,0.0109522892162203,0.292533278465271
0.244764819741249,0.2237109392881393,0.2280386537313461,0.0109522892162203,0.292533278465271
0.244764819741249,0.2237109392881393,0.2280386537313461,0.0109522892162203,0.292533278465271
0.244764819741249,0.2237109392881393,0.2280386537313461,0.0109522892162203,0.292533278465271
0.244764819741249,0.2237109392881393,0.2280386537313461,0.0109522892162203,0.292533278465271
0.244764819741249,0.2237109392881393,0.2280386537313461,0.0109522892162203,0.292533278465271
0.244764819741249,0.2237109392881393,0.2280386537313461,0.0109522892162203,0.292533278465271
0.244764819741249,0.2237109392881393,0.2280386537313461,0.0109522892162203,0.292533278465271
0.244764819741249,0.2237109392881393,0.2280386537313461,0.0109522892162203,0.292533278465271
0.244764819741249,0.2237109392881393,0.2280386537313461,0.0109522892162203,0.292533278465271
0.2492677271366119,0.2187386900186538,0.2332890033721923,0.0137149821966886,0.2849895358085632
0.2492677271366119,0.2187386900186538,0.2332890033721923,0.0137149821966886,0.2849895358085632
0.2492677271366119,0.2187386900186538,0.2332890033721923,0.0137149821966886,0.2849895358085632
0.2492677271366119,0.2187386900186538,0.2332890033721923,0.0137149821966886,0.2849895358085632
0.2492677271366119,0.2187386900186538,0.2332890033721923,0.0137149821966886,0.2849895358085632
0.2492677271366119,0.2187386900186538,0.2332890033721923,0.0137149821966886,0.2849895358085632
0.2492677271366119,0.2187386900186538,0.2332890033721923,0.0137149821966886,0.2849895358085632
0.2492677271366119,0.2187386900186538,0.2332890033721923,0.0137149821966886,0.2849895358085632
0.2492677271366119,0.2187386900186538,0.2332890033721923,0.0137149821966886,0.2849895358085632
0.2492677271366119,0.2187386900186538,0.2332890033721923,0.0137149821966886,0.2849895358085632
0.2492677271366119,0.2187386900186538,0.2332890033721923,0.0137149821966886,0.2849895358085632
0.2492677271366119,0.2187386900186538,0.2332890033721923,0.0137149821966886,0.2849895358085632
0.2492677271366119,0.2187386900186538,0.2332890033721923,0.0137149821966886,0.2849895358085632
0.2492677271366119,0.2187386900186538,0.2332890033721923,0.0137149821966886,0.2849895358085632
0.2492677271366119,0.2187386900186538,0.2332890033721923,0.0137149821966886,0.2849895358085632
0.2492677271366119,0.2187386900186538,0.2332890033721923,0.0137149821966886,0.2849895358085632
0.2492677271366119,0.2187386900186538,0.2332890033721923,0.0137149821966886,0.2849895358085632
0.2492677271366119,0.2187386900186538,0.2332890033721923,0.0137149821966886,0.2849895358085632
0.2492677271366119,0.2187386900186538,0.2332890033721923,0.0137149821966886,0.2849895358085632
0.2492677271366119,0.2187386900186538,0.2332890033721923,0.0137149821966886,0.2849895358085632
0.2492677271366119,0.2187386900186538,0.2332890033721923,0.0137149821966886,0.2849895358085632
0.2492677271366119,0.2187386900186538,0.2332890033721923,0.0137149821966886,0.2849895358085632
0.2492677271366119,0.2187386900186538,0.2332890033721923,0.0137149821966886,0.2849895358085632
0.2492677271366119,0.2187386900186538,0.2332890033721923,0.0137149821966886,0.2849895358085632
0.2492677271366119,0.2187386900186538,0.2332890033721923,0.0137149821966886,0.2849895358085632
0.2492677271366119,0.2187386900186538,0.2332890033721923,0.0137149821966886,0.2849895358085632
0.2492677271366119,0.2187386900186538,0.2332890033721923,0.0137149821966886,0.2849895358085632
0.2492677271366119,0.2187386900186538,0.2332890033721923,0.0137149821966886,0.2849895358085632
0.2492677271366119,0.2187386900186538,0.2332890033721923,0.0137149821966886,0.2849895358085632
0.2492677271366119,0.2187386900186538,0.2332890033721923,0.0137149821966886,0.2849895358085632
0.2492677271366119,0.2187386900186538,0.2332890033721923,0.0137149821966886,0.2849895358085632
0.2492677271366119,0.2187386900186538,0.2332890033721923,0.0137149821966886,0.2849895358085632
0.2492677271366119,0.2187386900186538,0.2332890033721923,0.0137149821966886,0.2849895358085632
0.2492677271366119,0.2187386900186538,0.2332890033721923,0.0137149821966886,0.2849895358085632
0.2492677271366119,0.2187386900186538,0.2332890033721923,0.0137149821966886,0.2849895358085632
0.2492677271366119,0.2187386900186538,0.2332890033721923,0.0137149821966886,0.2849895358085632
0.2492677271366119,0.2187386900186538,0.2332890033721923,0.0137149821966886,0.2849895358085632
0.2492677271366119,0.2187386900186538,0.2332890033721923,0.0137149821966886,0.2849895358085632
0.2492677271366119,0.2187386900186538,0.2332890033721923,0.0137149821966886,0.2849895358085632
0.2492677271366119,0.2187386900186538,0.2332890033721923,0.0137149821966886,0.2849895358085632
0.2492677271366119,0.2187386900186538,0.2332890033721923,0.0137149821966886,0.2849895358085632
0.2492677271366119,0.2187386900186538,0.2332890033721923,0.0137149821966886,0.2849895358085632
0.2492677271366119,0.2187386900186538,0.2332890033721923,0.0137149821966886,0.2849895358085632
0.2492677271366119,0.2187386900186538,0.2332890033721923,0.0137149821966886,0.2849895358085632
0.2492677271366119,0.2187386900186538,0.2332890033721923,0.0137149821966886,0.2849895358085632
0.2492677271366119,0.2187386900186538,0.2332890033721923,0.0137149821966886,0.2849895358085632
0.2492677271366119,0.2187386900186538,0.2332890033721923,0.0137149821966886,0.2849895358085632
0.2492677271366119,0.2187386900186538,0.2332890033721923,0.0137149821966886,0.2849895358085632
0.2492677271366119,0.2187386900186538,0.2332890033721923,0.0137149821966886,0.2849895358085632
0.2492677271366119,0.2187386900186538,0.2332890033721923,0.0137149821966886,0.2849895358085632
0.2492677271366119,0.2187386900186538,0.2332890033721923,0.0137149821966886,0.2849895358085632
0.2492677271366119,0.2187386900186538,0.2332890033721923,0.0137149821966886,0.2849895358085632
0.2492677271366119,0.2187386900186538,0.2332890033721923,0.0137149821966886,0.2849895358085632
0.2492677271366119,0.2187386900186538,0.2332890033721923,0.0137149821966886,0.2849895358085632
0.2492677271366119,0.2187386900186538,0.2332890033721923,0.0137149821966886,0.2849895358085632
0.2492677271366119,0.2187386900186538,0.2332890033721923,0.0137149821966886,0.2849895358085632
0.2492677271366119,0.2187386900186538,0.2332890033721923,0.0137149821966886,0.2849895358085632
0.2492677271366119,0.2187386900186538,0.2332890033721923,0.0137149821966886,0.2849895358085632
0.2492677271366119,0.2187386900186538,0.2332890033721923,0.0137149821966886,0.2849895358085632
0.2492677271366119,0.2187386900186538,0.2332890033721923,0.0137149821966886,0.2849895358085632
0.2492677271366119,0.2187386900186538,0.2332890033721923,0.0137149821966886,0.2849895358085632
0.2492677271366119,0.2187386900186538,0.2332890033721923,0.0137149821966886,0.2849895358085632
0.2492677271366119,0.2187386900186538,0.2332890033721923,0.0137149821966886,0.2849895358085632
0.2492677271366119,0.2187386900186538,0.2332890033721923,0.0137149821966886,0.2849895358085632
0.2492677271366119,0.2187386900186538,0.2332890033721923,0.0137149821966886,0.2849895358085632
0.2492677271366119,0.2187386900186538,0.2332890033721923,0.0137149821966886,0.2849895358085632
0.2492677271366119,0.2187386900186538,0.2332890033721923,0.0137149821966886,0.2849895358085632
0.2492677271366119,0.2187386900186538,0.2332890033721923,0.0137149821966886,0.2849895358085632
0.2492677271366119,0.2187386900186538,0.2332890033721923,0.0137149821966886,0.2849895358085632
0.2492677271366119,0.2187386900186538,0.2332890033721923,0.0137149821966886,0.2849895358085632
0.2492677271366119,0.2187386900186538,0.2332890033721923,0.0137149821966886,0.2849895358085632
0.2492677271366119,0.2187386900186538,0.2332890033721923,0.0137149821966886,0.2849895358085632
0.2492677271366119,0.2187386900186538,0.2332890033721923,0.0137149821966886,0.2849895358085632
0.2492677271366119,0.2187386900186538,0.2332890033721923,0.0137149821966886,0.2849895358085632
0.2492677271366119,0.2187386900186538,0.2332890033721923,0.0137149821966886,0.2849895358085632
0.2492677271366119,0.2187386900186538,0.2332890033721923,0.0137149821966886,0.2849895358085632
0.2492677271366119,0.2187386900186538,0.2332890033721923,0.0137149821966886,0.2849895358085632
0.2492677271366119,0.2187386900186538,0.2332890033721923,0.0137149821966886,0.2849895358085632
0.2492677271366119,0.2187386900186538,0.2332890033721923,0.0137149821966886,0.2849895358085632
0.2492677271366119,0.2187386900186538,0.2332890033721923,0.0137149821966886,0.2849895358085632
0.2492677271366119,0.2187386900186538,0.2332890033721923,0.0137149821966886,0.2849895358085632
0.2492677271366119,0.2187386900186538,0.2332890033721923,0.0137149821966886,0.2849895358085632
0.2509811520576477,0.2084473818540573,0.2303923666477203,0.0414388962090015,0.2687401473522186
0.2451882064342498,0.2229744344949722,0.228198230266571,0.0108841387555003,0.292754977941513
0.1879671514034271,0.2219149768352508,0.1455434262752533,0.2954403758049011,0.1491340845823288
0.2381020337343216,0.1958284676074981,0.2112304270267486,0.1082787215709686,0.2465603947639465
0.1856533139944076,0.2251254022121429,0.1449798345565796,0.3020210266113281,0.1422204077243805
0.1856533139944076,0.2251254022121429,0.1449798345565796,0.3020210266113281,0.1422204077243805
0.1856533139944076,0.2251254022121429,0.1449798345565796,0.3020210266113281,0.1422204077243805
0.1856533139944076,0.2251254022121429,0.1449798345565796,0.3020210266113281,0.1422204077243805
0.1856533139944076,0.2251254022121429,0.1449798345565796,0.3020210266113281,0.1422204077243805
0.2451468110084533,0.2230326980352401,0.2281609624624252,0.0108752287924289,0.2927842736244201
0.1922531723976135,0.2132561951875686,0.1467826515436172,0.2808994352817535,0.1668085753917694
0.245257943868637,0.2228626012802124,0.2282526344060897,0.0108966194093227,0.2927301824092865
0.2472627162933349,0.2213521301746368,0.2309513539075851,0.0117314606904983,0.2887023687362671
0.2448699027299881,0.2236615270376205,0.2281662374734878,0.0110042449086904,0.2922980487346649
0.2448699027299881,0.2236615270376205,0.2281662374734878,0.0110042449086904,0.2922980487346649
0.1823769956827163,0.1962520629167556,0.1465216428041458,0.3111858963966369,0.1636633723974228
0.1823769956827163,0.1962520629167556,0.1465216428041458,0.3111858963966369,0.1636633723974228
0.2738261222839355,0.1979282349348068,0.2583235204219818,0.0225144531577825,0.2474077343940735
0.3093418180942535,0.2787570655345917,0.239273115992546,0.1657541692256927,0.0068738143891096
0.2474297881126403,0.2211545407772064,0.2310199737548828,0.0117341540753841,0.2886614799499511
0.2230477035045623,0.1620535552501678,0.1983423382043838,0.1892389059066772,0.227317526936531
0.251344084739685,0.2118054181337356,0.2323454618453979,0.0289090760052204,0.2755959630012512
0.2435071170330047,0.202811524271965,0.2178278267383575,0.0828713402152061,0.2529822289943695
0.2435071170330047,0.202811524271965,0.2178278267383575,0.0828713402152061,0.2529822289943695
0.2435071170330047,0.202811524271965,0.2178278267383575,0.0828713402152061,0.2529822289943695
0.2435071170330047,0.202811524271965,0.2178278267383575,0.0828713402152061,0.2529822289943695
0.2435071170330047,0.202811524271965,0.2178278267383575,0.0828713402152061,0.2529822289943695
0.2435071170330047,0.202811524271965,0.2178278267383575,0.0828713402152061,0.2529822289943695
0.2435071170330047,0.202811524271965,0.2178278267383575,0.0828713402152061,0.2529822289943695
0.2435071170330047,0.202811524271965,0.2178278267383575,0.0828713402152061,0.2529822289943695
0.2435071170330047,0.202811524271965,0.2178278267383575,0.0828713402152061,0.2529822289943695
0.2435071170330047,0.202811524271965,0.2178278267383575,0.0828713402152061,0.2529822289943695
0.2435071170330047,0.202811524271965,0.2178278267383575,0.0828713402152061,0.2529822289943695
0.2435071170330047,0.202811524271965,0.2178278267383575,0.0828713402152061,0.2529822289943695
0.2435071170330047,0.202811524271965,0.2178278267383575,0.0828713402152061,0.2529822289943695
0.2435071170330047,0.202811524271965,0.2178278267383575,0.0828713402152061,0.2529822289943695
0.2435071170330047,0.202811524271965,0.2178278267383575,0.0828713402152061,0.2529822289943695
0.2435071170330047,0.202811524271965,0.2178278267383575,0.0828713402152061,0.2529822289943695
0.2435071170330047,0.202811524271965,0.2178278267383575,0.0828713402152061,0.2529822289943695
0.2435071170330047,0.202811524271965,0.2178278267383575,0.0828713402152061,0.2529822289943695
0.2435071170330047,0.202811524271965,0.2178278267383575,0.0828713402152061,0.2529822289943695
0.2435071170330047,0.202811524271965,0.2178278267383575,0.0828713402152061,0.2529822289943695
0.2435071170330047,0.202811524271965,0.2178278267383575,0.0828713402152061,0.2529822289943695
0.2435071170330047,0.202811524271965,0.2178278267383575,0.0828713402152061,0.2529822289943695
0.2435071170330047,0.202811524271965,0.2178278267383575,0.0828713402152061,0.2529822289943695
0.2435071170330047,0.202811524271965,0.2178278267383575,0.0828713402152061,0.2529822289943695
0.2435071170330047,0.202811524271965,0.2178278267383575,0.0828713402152061,0.2529822289943695
0.2435071170330047,0.202811524271965,0.2178278267383575,0.0828713402152061,0.2529822289943695
0.2435071170330047,0.202811524271965,0.2178278267383575,0.0828713402152061,0.2529822289943695
0.2435071170330047,0.202811524271965,0.2178278267383575,0.0828713402152061,0.2529822289943695
0.2435071170330047,0.202811524271965,0.2178278267383575,0.0828713402152061,0.2529822289943695
0.2435071170330047,0.202811524271965,0.2178278267383575,0.0828713402152061,0.2529822289943695
0.2435071170330047,0.202811524271965,0.2178278267383575,0.0828713402152061,0.2529822289943695
0.2435071170330047,0.202811524271965,0.2178278267383575,0.0828713402152061,0.2529822289943695
0.2435071170330047,0.202811524271965,0.2178278267383575,0.0828713402152061,0.2529822289943695
0.2451468110084533,0.2230326980352401,0.2281609624624252,0.0108752287924289,0.2927842736244201
0.2451468110084533,0.2230326980352401,0.2281609624624252,0.0108752287924289,0.2927842736244201
0.2451468110084533,0.2230326980352401,0.2281609624624252,0.0108752287924289,0.2927842736244201
0.2451468110084533,0.2230326980352401,0.2281609624624252,0.0108752287924289,0.2927842736244201
0.2451468110084533,0.2230326980352401,0.2281609624624252,0.0108752287924289,0.2927842736244201
0.2451468110084533,0.2230326980352401,0.2281609624624252,0.0108752287924289,0.2927842736244201
0.2451468110084533,0.2230326980352401,0.2281609624624252,0.0108752287924289,0.2927842736244201
0.2451468110084533,0.2230326980352401,0.2281609624624252,0.0108752287924289,0.2927842736244201
0.2451468110084533,0.2230326980352401,0.2281609624624252,0.0108752287924289,0.2927842736244201
0.2451468110084533,0.2230326980352401,0.2281609624624252,0.0108752287924289,0.2927842736244201
0.2451468110084533,0.2230326980352401,0.2281609624624252,0.0108752287924289,0.2927842736244201
0.2451468110084533,0.2230326980352401,0.2281609624624252,0.0108752287924289,0.2927842736244201
0.2451468110084533,0.2230326980352401,0.2281609624624252,0.0108752287924289,0.2927842736244201
0.2451468110084533,0.2230326980352401,0.2281609624624252,0.0108752287924289,0.2927842736244201
0.2451468110084533,0.2230326980352401,0.2281609624624252,0.0108752287924289,0.2927842736244201
0.2451468110084533,0.2230326980352401,0.2281609624624252,0.0108752287924289,0.2927842736244201
0.2451468110084533,0.2230326980352401,0.2281609624624252,0.0108752287924289,0.2927842736244201
0.2451468110084533,0.2230326980352401,0.2281609624624252,0.0108752287924289,0.2927842736244201
0.2451468110084533,0.2230326980352401,0.2281609624624252,0.0108752287924289,0.2927842736244201
0.2451468110084533,0.2230326980352401,0.2281609624624252,0.0108752287924289,0.2927842736244201
0.2451468110084533,0.2230326980352401,0.2281609624624252,0.0108752287924289,0.2927842736244201
0.2451468110084533,0.2230326980352401,0.2281609624624252,0.0108752287924289,0.2927842736244201
0.2451468110084533,0.2230326980352401,0.2281609624624252,0.0108752287924289,0.2927842736244201
0.2451468110084533,0.2230326980352401,0.2281609624624252,0.0108752287924289,0.2927842736244201
0.2451468110084533,0.2230326980352401,0.2281609624624252,0.0108752287924289,0.2927842736244201
0.2451468110084533,0.2230326980352401,0.2281609624624252,0.0108752287924289,0.2927842736244201
0.2451468110084533,0.2230326980352401,0.2281609624624252,0.0108752287924289,0.2927842736244201
0.2451468110084533,0.2230326980352401,0.2281609624624252,0.0108752287924289,0.2927842736244201
0.2451468110084533,0.2230326980352401,0.2281609624624252,0.0108752287924289,0.2927842736244201
0.2451468110084533,0.2230326980352401,0.2281609624624252,0.0108752287924289,0.2927842736244201
0.2451468110084533,0.2230326980352401,0.2281609624624252,0.0108752287924289,0.2927842736244201
0.2451468110084533,0.2230326980352401,0.2281609624624252,0.0108752287924289,0.2927842736244201
0.2451468110084533,0.2230326980352401,0.2281609624624252,0.0108752287924289,0.2927842736244201
0.2451468110084533,0.2230326980352401,0.2281609624624252,0.0108752287924289,0.2927842736244201
0.2451468110084533,0.2230326980352401,0.2281609624624252,0.0108752287924289,0.2927842736244201
0.2451468110084533,0.2230326980352401,0.2281609624624252,0.0108752287924289,0.2927842736244201
0.2451468110084533,0.2230326980352401,0.2281609624624252,0.0108752287924289,0.2927842736244201
0.2451468110084533,0.2230326980352401,0.2281609624624252,0.0108752287924289,0.2927842736244201
0.2451468110084533,0.2230326980352401,0.2281609624624252,0.0108752287924289,0.2927842736244201
0.2451468110084533,0.2230326980352401,0.2281609624624252,0.0108752287924289,0.2927842736244201
0.2451468110084533,0.2230326980352401,0.2281609624624252,0.0108752287924289,0.2927842736244201
0.2451468110084533,0.2230326980352401,0.2281609624624252,0.0108752287924289,0.2927842736244201
0.2451468110084533,0.2230326980352401,0.2281609624624252,0.0108752287924289,0.2927842736244201
0.2451468110084533,0.2230326980352401,0.2281609624624252,0.0108752287924289,0.2927842736244201
0.2451468110084533,0.2230326980352401,0.2281609624624252,0.0108752287924289,0.2927842736244201
0.2451468110084533,0.2230326980352401,0.2281609624624252,0.0108752287924289,0.2927842736244201
0.2451468110084533,0.2230326980352401,0.2281609624624252,0.0108752287924289,0.2927842736244201
0.2451468110084533,0.2230326980352401,0.2281609624624252,0.0108752287924289,0.2927842736244201
0.2451468110084533,0.2230326980352401,0.2281609624624252,0.0108752287924289,0.2927842736244201
0.2451468110084533,0.2230326980352401,0.2281609624624252,0.0108752287924289,0.2927842736244201
0.2451468110084533,0.2230326980352401,0.2281609624624252,0.0108752287924289,0.2927842736244201
0.2451468110084533,0.2230326980352401,0.2281609624624252,0.0108752287924289,0.2927842736244201
0.2451468110084533,0.2230326980352401,0.2281609624624252,0.0108752287924289,0.2927842736244201
0.2451468110084533,0.2230326980352401,0.2281609624624252,0.0108752287924289,0.2927842736244201
0.2451468110084533,0.2230326980352401,0.2281609624624252,0.0108752287924289,0.2927842736244201
0.2451468110084533,0.2230326980352401,0.2281609624624252,0.0108752287924289,0.2927842736244201
0.2451468110084533,0.2230326980352401,0.2281609624624252,0.0108752287924289,0.2927842736244201
0.2451468110084533,0.2230326980352401,0.2281609624624252,0.0108752287924289,0.2927842736244201
0.2451468110084533,0.2230326980352401,0.2281609624624252,0.0108752287924289,0.2927842736244201
0.2451468110084533,0.2230326980352401,0.2281609624624252,0.0108752287924289,0.2927842736244201
0.2451468110084533,0.2230326980352401,0.2281609624624252,0.0108752287924289,0.2927842736244201
0.2451468110084533,0.2230326980352401,0.2281609624624252,0.0108752287924289,0.2927842736244201
0.2451468110084533,0.2230326980352401,0.2281609624624252,0.0108752287924289,0.2927842736244201
0.2451468110084533,0.2230326980352401,0.2281609624624252,0.0108752287924289,0.2927842736244201
0.2451468110084533,0.2230326980352401,0.2281609624624252,0.0108752287924289,0.2927842736244201
0.2451468110084533,0.2230326980352401,0.2281609624624252,0.0108752287924289,0.2927842736244201
0.2451468110084533,0.2230326980352401,0.2281609624624252,0.0108752287924289,0.2927842736244201
0.2451468110084533,0.2230326980352401,0.2281609624624252,0.0108752287924289,0.2927842736244201
0.2451468110084533,0.2230326980352401,0.2281609624624252,0.0108752287924289,0.2927842736244201
0.2451468110084533,0.2230326980352401,0.2281609624624252,0.0108752287924289,0.2927842736244201
0.2451468110084533,0.2230326980352401,0.2281609624624252,0.0108752287924289,0.2927842736244201
0.2451468110084533,0.2230326980352401,0.2281609624624252,0.0108752287924289,0.2927842736244201
0.2451468110084533,0.2230326980352401,0.2281609624624252,0.0108752287924289,0.2927842736244201
0.2451468110084533,0.2230326980352401,0.2281609624624252,0.0108752287924289,0.2927842736244201
0.2451468110084533,0.2230326980352401,0.2281609624624252,0.0108752287924289,0.2927842736244201
0.2451468110084533,0.2230326980352401,0.2281609624624252,0.0108752287924289,0.2927842736244201
0.2451468110084533,0.2230326980352401,0.2281609624624252,0.0108752287924289,0.2927842736244201
0.2451468110084533,0.2230326980352401,0.2281609624624252,0.0108752287924289,0.2927842736244201
0.2451468110084533,0.2230326980352401,0.2281609624624252,0.0108752287924289,0.2927842736244201
0.2451468110084533,0.2230326980352401,0.2281609624624252,0.0108752287924289,0.2927842736244201
0.2451468110084533,0.2230326980352401,0.2281609624624252,0.0108752287924289,0.2927842736244201
0.2451468110084533,0.2230326980352401,0.2281609624624252,0.0108752287924289,0.2927842736244201
0.2451468110084533,0.2230326980352401,0.2281609624624252,0.0108752287924289,0.2927842736244201
0.2451468110084533,0.2230326980352401,0.2281609624624252,0.0108752287924289,0.2927842736244201
0.2451468110084533,0.2230326980352401,0.2281609624624252,0.0108752287924289,0.2927842736244201
0.2451468110084533,0.2230326980352401,0.2281609624624252,0.0108752287924289,0.2927842736244201
0.2451468110084533,0.2230326980352401,0.2281609624624252,0.0108752287924289,0.2927842736244201
0.2451468110084533,0.2230326980352401,0.2281609624624252,0.0108752287924289,0.2927842736244201
0.2451468110084533,0.2230326980352401,0.2281609624624252,0.0108752287924289,0.2927842736244201
0.2451468110084533,0.2230326980352401,0.2281609624624252,0.0108752287924289,0.2927842736244201
0.2451468110084533,0.2230326980352401,0.2281609624624252,0.0108752287924289,0.2927842736244201
0.2451468110084533,0.2230326980352401,0.2281609624624252,0.0108752287924289,0.2927842736244201
0.2451468110084533,0.2230326980352401,0.2281609624624252,0.0108752287924289,0.2927842736244201
0.2451468110084533,0.2230326980352401,0.2281609624624252,0.0108752287924289,0.2927842736244201
0.2451468110084533,0.2230326980352401,0.2281609624624252,0.0108752287924289,0.2927842736244201
0.2451468110084533,0.2230326980352401,0.2281609624624252,0.0108752287924289,0.2927842736244201
0.2451468110084533,0.2230326980352401,0.2281609624624252,0.0108752287924289,0.2927842736244201
0.2451468110084533,0.2230326980352401,0.2281609624624252,0.0108752287924289,0.2927842736244201
0.2451468110084533,0.2230326980352401,0.2281609624624252,0.0108752287924289,0.2927842736244201
0.2447979897260666,0.2235300987958908,0.2279251962900161,0.0108492784202098,0.292897492647171
0.1488408744335174,0.1155682206153869,0.1422956585884094,0.360880434513092,0.2324148118495941
0.2451882064342498,0.2229744344949722,0.228198230266571,0.0108841387555003,0.292754977941513
0.2451882064342498,0.2229744344949722,0.228198230266571,0.0108841387555003,0.292754977941513
0.2451882064342498,0.2229744344949722,0.228198230266571,0.0108841387555003,0.292754977941513
0.2451882064342498,0.2229744344949722,0.228198230266571,0.0108841387555003,0.292754977941513
0.2451882064342498,0.2229744344949722,0.228198230266571,0.0108841387555003,0.292754977941513
0.2451882064342498,0.2229744344949722,0.228198230266571,0.0108841387555003,0.292754977941513
0.2451882064342498,0.2229744344949722,0.228198230266571,0.0108841387555003,0.292754977941513
0.2451882064342498,0.2229744344949722,0.228198230266571,0.0108841387555003,0.292754977941513
0.2451882064342498,0.2229744344949722,0.228198230266571,0.0108841387555003,0.292754977941513
0.2451882064342498,0.2229744344949722,0.228198230266571,0.0108841387555003,0.292754977941513
0.2451882064342498,0.2229744344949722,0.228198230266571,0.0108841387555003,0.292754977941513
0.2451882064342498,0.2229744344949722,0.228198230266571,0.0108841387555003,0.292754977941513
0.244764819741249,0.2237109392881393,0.2280386537313461,0.0109522892162203,0.292533278465271
0.244764819741249,0.2237109392881393,0.2280386537313461,0.0109522892162203,0.292533278465271
0.2451882064342498,0.2229744344949722,0.228198230266571,0.0108841387555003,0.292754977941513
0.2451882064342498,0.2229744344949722,0.228198230266571,0.0108841387555003,0.292754977941513
0.2451882064342498,0.2229744344949722,0.228198230266571,0.0108841387555003,0.292754977941513
0.2451882064342498,0.2229744344949722,0.228198230266571,0.0108841387555003,0.292754977941513
0.2451882064342498,0.2229744344949722,0.228198230266571,0.0108841387555003,0.292754977941513
0.2451762855052948,0.2229958623647689,0.2281900644302368,0.0108821699395775,0.2927556037902832
0.2451762855052948,0.2229958623647689,0.2281900644302368,0.0108821699395775,0.2927556037902832
0.2451762855052948,0.2229958623647689,0.2281900644302368,0.0108821699395775,0.2927556037902832
0.2451762855052948,0.2229958623647689,0.2281900644302368,0.0108821699395775,0.2927556037902832
0.2451762855052948,0.2229958623647689,0.2281900644302368,0.0108821699395775,0.2927556037902832
0.2451762855052948,0.2229958623647689,0.2281900644302368,0.0108821699395775,0.2927556037902832
0.2451762855052948,0.2229958623647689,0.2281900644302368,0.0108821699395775,0.2927556037902832
0.2451762855052948,0.2229958623647689,0.2281900644302368,0.0108821699395775,0.2927556037902832
0.2451762855052948,0.2229958623647689,0.2281900644302368,0.0108821699395775,0.2927556037902832
0.2451762855052948,0.2229958623647689,0.2281900644302368,0.0108821699395775,0.2927556037902832
0.2451762855052948,0.2229958623647689,0.2281900644302368,0.0108821699395775,0.2927556037902832
0.2451762855052948,0.2229958623647689,0.2281900644302368,0.0108821699395775,0.2927556037902832
0.2451762855052948,0.2229958623647689,0.2281900644302368,0.0108821699395775,0.2927556037902832
0.2451762855052948,0.2229958623647689,0.2281900644302368,0.0108821699395775,0.2927556037902832
0.2451762855052948,0.2229958623647689,0.2281900644302368,0.0108821699395775,0.2927556037902832
0.2451762855052948,0.2229958623647689,0.2281900644302368,0.0108821699395775,0.2927556037902832
0.2451762855052948,0.2229958623647689,0.2281900644302368,0.0108821699395775,0.2927556037902832
0.2451762855052948,0.2229958623647689,0.2281900644302368,0.0108821699395775,0.2927556037902832
0.2451762855052948,0.2229958623647689,0.2281900644302368,0.0108821699395775,0.2927556037902832
0.2451762855052948,0.2229958623647689,0.2281900644302368,0.0108821699395775,0.2927556037902832
0.2451762855052948,0.2229958623647689,0.2281900644302368,0.0108821699395775,0.2927556037902832
0.2451762855052948,0.2229958623647689,0.2281900644302368,0.0108821699395775,0.2927556037902832
0.2451762855052948,0.2229958623647689,0.2281900644302368,0.0108821699395775,0.2927556037902832
0.2451762855052948,0.2229958623647689,0.2281900644302368,0.0108821699395775,0.2927556037902832
0.2451762855052948,0.2229958623647689,0.2281900644302368,0.0108821699395775,0.2927556037902832
0.2451762855052948,0.2229958623647689,0.2281900644302368,0.0108821699395775,0.2927556037902832
0.2451762855052948,0.2229958623647689,0.2281900644302368,0.0108821699395775,0.2927556037902832
0.2451762855052948,0.2229958623647689,0.2281900644302368,0.0108821699395775,0.2927556037902832
0.2451762855052948,0.2229958623647689,0.2281900644302368,0.0108821699395775,0.2927556037902832
0.2451762855052948,0.2229958623647689,0.2281900644302368,0.0108821699395775,0.2927556037902832
0.2451762855052948,0.2229958623647689,0.2281900644302368,0.0108821699395775,0.2927556037902832
0.2451762855052948,0.2229958623647689,0.2281900644302368,0.0108821699395775,0.2927556037902832
0.2451762855052948,0.2229958623647689,0.2281900644302368,0.0108821699395775,0.2927556037902832
0.2451762855052948,0.2229958623647689,0.2281900644302368,0.0108821699395775,0.2927556037902832
0.2451762855052948,0.2229958623647689,0.2281900644302368,0.0108821699395775,0.2927556037902832
0.2451762855052948,0.2229958623647689,0.2281900644302368,0.0108821699395775,0.2927556037902832
0.2451762855052948,0.2229958623647689,0.2281900644302368,0.0108821699395775,0.2927556037902832
0.2451762855052948,0.2229958623647689,0.2281900644302368,0.0108821699395775,0.2927556037902832
0.2451762855052948,0.2229958623647689,0.2281900644302368,0.0108821699395775,0.2927556037902832
0.2451762855052948,0.2229958623647689,0.2281900644302368,0.0108821699395775,0.2927556037902832
0.2451762855052948,0.2229958623647689,0.2281900644302368,0.0108821699395775,0.2927556037902832
0.2451762855052948,0.2229958623647689,0.2281900644302368,0.0108821699395775,0.2927556037902832
0.2451762855052948,0.2229958623647689,0.2281900644302368,0.0108821699395775,0.2927556037902832
0.2451762855052948,0.2229958623647689,0.2281900644302368,0.0108821699395775,0.2927556037902832
0.2451762855052948,0.2229958623647689,0.2281900644302368,0.0108821699395775,0.2927556037902832
0.2451762855052948,0.2229958623647689,0.2281900644302368,0.0108821699395775,0.2927556037902832
0.2451762855052948,0.2229958623647689,0.2281900644302368,0.0108821699395775,0.2927556037902832
0.2451762855052948,0.2229958623647689,0.2281900644302368,0.0108821699395775,0.2927556037902832
0.2451762855052948,0.2229958623647689,0.2281900644302368,0.0108821699395775,0.2927556037902832
0.2451762855052948,0.2229958623647689,0.2281900644302368,0.0108821699395775,0.2927556037902832
0.2451762855052948,0.2229958623647689,0.2281900644302368,0.0108821699395775,0.2927556037902832
0.2451762855052948,0.2229958623647689,0.2281900644302368,0.0108821699395775,0.2927556037902832
0.2451762855052948,0.2229958623647689,0.2281900644302368,0.0108821699395775,0.2927556037902832
0.2451762855052948,0.2229958623647689,0.2281900644302368,0.0108821699395775,0.2927556037902832
0.2451762855052948,0.2229958623647689,0.2281900644302368,0.0108821699395775,0.2927556037902832
0.2451762855052948,0.2229958623647689,0.2281900644302368,0.0108821699395775,0.2927556037902832
0.2451762855052948,0.2229958623647689,0.2281900644302368,0.0108821699395775,0.2927556037902832
0.2451762855052948,0.2229958623647689,0.2281900644302368,0.0108821699395775,0.2927556037902832
0.2451762855052948,0.2229958623647689,0.2281900644302368,0.0108821699395775,0.2927556037902832
0.2451762855052948,0.2229958623647689,0.2281900644302368,0.0108821699395775,0.2927556037902832
0.2451762855052948,0.2229958623647689,0.2281900644302368,0.0108821699395775,0.2927556037902832
0.2451882064342498,0.2229744344949722,0.228198230266571,0.0108841387555003,0.292754977941513
0.2451882064342498,0.2229744344949722,0.228198230266571,0.0108841387555003,0.292754977941513
0.2451882064342498,0.2229744344949722,0.228198230266571,0.0108841387555003,0.292754977941513
0.2451882064342498,0.2229744344949722,0.228198230266571,0.0108841387555003,0.292754977941513
0.2451882064342498,0.2229744344949722,0.228198230266571,0.0108841387555003,0.292754977941513
0.2451882064342498,0.2229744344949722,0.228198230266571,0.0108841387555003,0.292754977941513
0.2451882064342498,0.2229744344949722,0.228198230266571,0.0108841387555003,0.292754977941513
0.2451882064342498,0.2229744344949722,0.228198230266571,0.0108841387555003,0.292754977941513
0.2451882064342498,0.2229744344949722,0.228198230266571,0.0108841387555003,0.292754977941513
0.2451882064342498,0.2229744344949722,0.228198230266571,0.0108841387555003,0.292754977941513
0.2451882064342498,0.2229744344949722,0.228198230266571,0.0108841387555003,0.292754977941513
0.2451882064342498,0.2229744344949722,0.228198230266571,0.0108841387555003,0.292754977941513
0.2451882064342498,0.2229744344949722,0.228198230266571,0.0108841387555003,0.292754977941513
0.2451882064342498,0.2229744344949722,0.228198230266571,0.0108841387555003,0.292754977941513
0.2451882064342498,0.2229744344949722,0.228198230266571,0.0108841387555003,0.292754977941513
0.2451882064342498,0.2229744344949722,0.228198230266571,0.0108841387555003,0.292754977941513
0.2451882064342498,0.2229744344949722,0.228198230266571,0.0108841387555003,0.292754977941513
0.2451882064342498,0.2229744344949722,0.228198230266571,0.0108841387555003,0.292754977941513
0.3030062019824981,0.2934813797473907,0.2299115061759948,0.1675703674554824,0.0060305017977952
0.3070279061794281,0.283609002828598,0.2368638515472412,0.1658827662467956,0.0066164215095341
0.245188906788826,0.2229747772216797,0.228199690580368,0.0108844293281435,0.2927522361278534
0.3034918308258056,0.2912612855434418,0.2313988953828811,0.1676913946866989,0.0061565660871565
0.3034918308258056,0.2912612855434418,0.2313988953828811,0.1676913946866989,0.0061565660871565
0.3149505853652954,0.270040214061737,0.2568716704845428,0.1493656188249588,0.0087719028815627
0.2738261222839355,0.1979282349348068,0.2583235204219818,0.0225144531577825,0.2474077343940735
0.1823769956827163,0.1962520629167556,0.1465216428041458,0.3111858963966369,0.1636633723974228
0.1823769956827163,0.1962520629167556,0.1465216428041458,0.3111858963966369,0.1636633723974228
0.3149505853652954,0.270040214061737,0.2568716704845428,0.1493656188249588,0.0087719028815627
0.2738261222839355,0.1979282349348068,0.2583235204219818,0.0225144531577825,0.2474077343940735
0.1823769956827163,0.1962520629167556,0.1465216428041458,0.3111858963966369,0.1636633723974228
0.3149505853652954,0.270040214061737,0.2568716704845428,0.1493656188249588,0.0087719028815627
0.2738261222839355,0.1979282349348068,0.2583235204219818,0.0225144531577825,0.2474077343940735
0.3149505853652954,0.270040214061737,0.2568716704845428,0.1493656188249588,0.0087719028815627
0.2738261222839355,0.1979282349348068,0.2583235204219818,0.0225144531577825,0.2474077343940735
0.1823769956827163,0.1962520629167556,0.1465216428041458,0.3111858963966369,0.1636633723974228
0.3149505853652954,0.270040214061737,0.2568716704845428,0.1493656188249588,0.0087719028815627
0.2738261222839355,0.1979282349348068,0.2583235204219818,0.0225144531577825,0.2474077343940735
0.1823769956827163,0.1962520629167556,0.1465216428041458,0.3111858963966369,0.1636633723974228
0.3149505853652954,0.270040214061737,0.2568716704845428,0.1493656188249588,0.0087719028815627
0.3149505853652954,0.270040214061737,0.2568716704845428,0.1493656188249588,0.0087719028815627
0.2738261222839355,0.1979282349348068,0.2583235204219818,0.0225144531577825,0.2474077343940735
0.1823769956827163,0.1962520629167556,0.1465216428041458,0.3111858963966369,0.1636633723974228
0.3149505853652954,0.270040214061737,0.2568716704845428,0.1493656188249588,0.0087719028815627
0.3137470781803131,0.2759100794792175,0.2581918835639953,0.1431998759508133,0.0089511247351765
0.24514681100845337,0.22303269803524017,0.22816096246242523,0.01087522879242897,0.29278427362442017
